135
207
289
32
151
8
297
305
147
157
161
315
280
222
65
267
15
137
113
116
43
260
258
199
256
46
139
124
215
227
275
66
158
62
107
20
98
63
69
67
278
202
30
108
182
4
114
75
17
243
308
3
111
279
81
299
19
47
281
145
296
109
231
160
167
100
2
6
201
110
186
112
213
22
284
61
239
120
228
89
295
148
240
217
184
313
45
162
35
115
132
307
169
198
234
146
92
154
276
60
230
88
28
125
178
210
205
212
187
245
90
294
303
76
246
70
34
126
262
14
176
233
183
16
259
64
180
253
302
248
41
83
263
209
173
105
106
138
219
193
292
52
293
95
252
40
74
273
85
290
206
298
84
218
5
172
306
312
37
238
123
99
291
311
77
204
224
51
39
133
141
11
216
102
1
181
49
31
241
283
13
166
101
56
25
94
59
196
87
191
200
163
232
174
131
208
18
244
257
72
270
304
121
277
170
235
249
226
24
264
96
274
229
177
142
136
156
310
48
150
127
129
155
58
27
122
301
285
23
140
42
57
9
242
288
171
53
79
211
192
203
197
55
117
188
339
358
341
345
363
367
359
348
343
355
373
368
325
329
328
371
317
335
352
323
364
327
354
362
361
336
324
360
338
375
350
320
321
372
331
318
376
356
347
332
