for t in times:
    for each MC_i in MCs:
        if T_com_car > T_base:
            vis = 1
        else:
            vis = 0
        for other MC_j in MCs from the Sen_t:
            calc I_i_j according to eq.(7)
    for each s_k in Sen_t:
        if s_k in Sen_t ∈ S_plane or  ∑ vis_i * R_i_k > 5
            update Sp, Fp base on Foundation MC or UVAs
            for each MC_i in MCs:
                update suc, fai
    for each MC_i in MCs:
        calc T_pro using Suc_i, Fai_i according to eq.(6)
        calc T_pos using Sp_i, Fp_i according to eq.(10)
    calc T_rec using T_com_t-1 according to eq.(8)
    calc T_pro^, T_pos^ using T_pro_t, T_pos_t according to (11)
    calc T_rec^ using T_rec_t according to (11)
    calc T_com^ using T_pro^, T_pos^, T_rec^

T_com:    
1.0076919483665205
1.3716475094175617
1.3717116179978115
1.37188027492222
1.3719697083853044
1.3722170973345962
1.372416095009588
1.3773338312546421
1.3783288378323117
1.378464867621693
1.6965712756350406
综合信任的最大差值是：0.18956776572638595
综合信任的最小差值是：0.000712903636802098
综合信任的最大提升是：1.6965712756350406
综合信任的最小提升是：1

Start: Rec
0.9881626842998861
1.3717442393656571
1.37176750235325
1.3719839217376641
1.3720640234854735
1.372122755606277
1.3732063766148337
1.380058232027697
1.3802309235245298
1.3802848651069823
1.6800805581856664
综合信任的最大差值是：0.1741525985191612
综合信任的最小差值是：0.07320114519415394
综合信任的最大提升是：1.6800805581856664
综合信任的最小提升是：1
[18702.12041223077, 18225.554519157384, 20484.397263599138, 16923.042757461615, 15346.939036004891, 17889.021233881984, 17829.621427732287, 10276.997779046096, 18262.342814755237, 14401.579061541748, 16849.23780739396, 19699.622812508598, 19887.81999443427, 16611.862944505923, 10713.320207104607, 14482.038564268794, 19362.376978363707, 11328.013273148907, 13607.097564354619, 12773.121231781373, 16908.642015463818, 19659.44522058152, 20273.477887551962, 16611.862944505923, 11035.156613858966, 14556.746844081918, 17340.10721599656, 11358.860691290643, 12692.92701018292, 11725.494765203337, 16883.228671157565, 19520.498125943428, 20284.05217893054, 16656.2453929964, 10851.158364614337, 14616.640436600517, 17360.66236374229, 11100.994168121293, 12750.529657881174, 11500.715632522277]
[18702.120412230764, 18780.31176997595, 18449.06726652044, 18449.06726652044, 17771.52226175691, 17363.10287637775, 17771.522261756912, 18040.64788114128, 17600.088618928097, 17600.088618928097, 17600.088618928097, 17600.0886189281, 17600.088618928097, 17572.258899065782, 17572.258899065786, 17572.258899065782, 17572.258899065782, 17572.258899065782, 17572.258899065786, 17572.258899065782, 17572.258899065786, 17572.258899065786, 17572.258899065786, 17572.258899065782, 17572.258899065782, 17572.258899065786, 17572.258899065786, 17572.258899065786, 17581.96056064137, 17572.258899065782, 17572.258899065782, 17581.960560641364, 17581.96056064137, 17572.258899065782, 17572.258899065782, 17572.258899065782, 17572.258899065786, 17572.258899065782, 17572.258899065786, 17572.258899065782]


0
-936.5119735816152
1
-4917.169064546837
20
-2863.0475261810934
35
-1420.3607487531044
第一个是10个周期更换，第二个是20个周期更换
[32721.44818247839, 33095.40943321038, 24867.230118851407, 20455.53524254467, 26238.26232707851, 22771.217565237745, 10247.057152779227, 12955.32404152417, 10798.368085316397, 0, 29014.07931117713, 30892.824724363443, 21428.43555640831, 20724.389628081448, 23154.312656287442, 25813.14308912537, 15477.244969873052, 9498.136734935166, 9981.956500096087, 11437.72807915127, 31810.73431674792, 29965.627997016833, 20383.717969772908, 25275.161064534648, 19494.138436249254, 26173.458266159065, 20861.00027565114, 11909.546445050613, 12378.061526780735, 8692.997366797412, 29833.213709765896, 28514.230018596183, 24250.2748726521, 21223.11248872518, 19802.353395083985, 28384.225345724906, 21434.58504629246, 13779.046169524489, 9488.31036869391, 12186.967727567102]
[32475.89710705575, 28950.806487234935, 23767.281708544167, 24764.819238467524, 24904.262203985985, 20758.260829745428, 12182.351919618195, 8932.147590007515, 8096.975713805275, 0, 0, 0, 0, 0, 0, 0, 0, 0, 0, 0, 30166.882373125307, 29903.791659844424, 22782.259679128834, 28984.1644046338, 20382.525416710152, 27363.800452351985, 24285.96873351184, 8557.231349025671, 9475.333329739091, 9422.231034833198, 0, 0, 0, 0, 0, 0, 0, 0, 0, 0]
[32784.936208896775, 33178.24036866354, 30027.336390306482, 29730.750707957857, 28302.163020747972, 29552.157678753687, 27343.00423675156, 28788.814665472437, 29041.046214279282, 28459.7476181924, 29661.1530534893, 34007.14442549994, 28697.442224905695, 28077.62643949106, 31103.889530455657, 28079.607973823106, 29437.0617606246, 30137.423187087446, 30288.961203469353, 27595.53236857912, 28947.686790566826, 32465.836702860848, 30091.797549482653, 26776.2073052719, 30633.179222035076, 31208.730772756095, 28366.875955593132, 30860.2439350124, 31410.571515093994, 26247.02377197462, 31689.258368511335, 29127.80784903718, 25605.460142246444, 26936.180796605888, 31213.738834897074, 26963.8645969718, 28231.967905521826, 28974.34251670083, 27660.745519991968, 27887.090467782346]

不同参数下的成本 a:1.05 b:0.8
[6, 5, 4, 3, 8, 4, 4, 4, 7, 4, 5, 4, 9, 5, 5, 3]
[1.5, 1.3333333333333333, 1.25, 1.25, 1.5833333333333333, 1.4166666666666667, 1.4166666666666667, 1.25, 1.5833333333333333, 1.4166666666666667, 1.5, 1.3333333333333333, 1.6666666666666667, 1.4166666666666667, 1.25, 1.25]     
[9654.943969063086, 8632.291971708668, 10027.264952628484, 9560.065357731817, 9231.270331133928, 10085.962067826142, 9354.433637890266, 9172.64700496292, 10020.700771726886, 9056.755721615285, 8906.484848828406, 8632.767360115045, 10129.20549784374, 8812.997570804942, 9299.372102660791, 8790.99930523748]
成本改进率
[1.0097801251278207, 1.0016858068209546, 1.0100890880067313, 1.0001093574233781, 1.026395268005591, 1.001881428372503, 1.0032389627325036, 1.0055168309446112, 1.0386181753619268, 1.0040826315444729, 1.0023457969806953, 1.0065126096832884, 1.0862407238025615, 1.0021257987359917, 1.0001168950714043, 1.0053412730763422]

car1:
[190.30948573445724, 521.2447161672206, 525.2895153058644, 286.6071644988335, 459.3035440199537, 372.381882557197, 294.77083670694225, 833.8530927362937, 476.14945290544205, 249.11193758998087, 882.1232708052237, 616.5257563636767, 335.99403540673165, 946.6504453711799, 577.8529924286304, 299.02651626285314, 890.1185971852692, 539.9339052489203, 323.8255800663816, 768.7629593410923, 576.7302317047053, 341.59192083926564, 379.0955488600185, 267.75505404395386, 282.9202763300091, 373.78572402512185, 246.62464907120048, 287.8894412978931, 752.4475354846161, 441.23383881782195, 253.52453093598027, 758.8651192543914, 495.2078781675321, 314.3717758587926, 773.8235796473566, 540.392448811463, 261.9606398599103, 755.1543560461497, 547.9046006008072, 304.8172558314712]
[150.30948573445724, 434.02508397709096, 449.2895153058643, 218.60716449883355, 367.3035440199536, 308.381882557197, 174.77083670694233, 629.8530927362935, 376.14945290544205, 125.11193758998084, 670.1232708052235, 504.52575636367663, 191.9940354067316, 734.6504453711798, 465.85299242863033, 171.86502196256322, 686.1185971852691, 427.93390524892027, 179.42019483142678, 576.7629593410925, 468.7302317047053, 237.5919208392657, 303.0955488600185, 215.7550540439539, 202.9202763300091, 293.28252902751154, 194.62464907120045, 163.8894412978931, 564.447535484616, 341.23383881782195, 129.52453093598024, 562.8651192543913, 391.2078781675321, 174.07374720603303, 581.823579647357, 432.3924488114631, 146.67702333448545, 563.1543560461496, 439.90460060080716, 180.81725583147116]
car2:

without youhua:
[286.01074678375, 986.2742888676544, 1114.5776245661486, 521.4864548238787, 948.504132096071, 806.6059139370924, 433.7260189360512, 1759.396193798009, 1073.7888475387092, 332.5078810468705, 1998.890128939026, 1508.4549153228065, 550.3023000123604, 2322.1499927290247, 1460.8020593488825, 510.7894381547777, 2233.757064810737, 1394.4424912022114, 554.2135984777543, 1909.3164121804996, 1554.6438535632376, 770.4138007512137, 997.6203663179205, 704.4622263822794, 661.493109685569, 973.2720087680668, 629.529756519716, 524.6672311347587, 1945.8242628278863, 1157.234069147429, 419.91126779597715, 1972.1611399028045, 1362.6875860713617, 576.224288729543, 2045.3369268374543, 1506.2054214594007, 484.33289503856696, 2000.263712777383, 1574.2578540143847, 614.553127771054]
[298.8561352660833, 832.95773521284, 817.5213165320561, 495.02816994187697, 792.5586321037345, 617.2206018187521, 685.1634164973159, 1607.1003206447701, 867.0996995479402, 576.6373155077773, 1640.8125332593613, 1007.6494511631115, 785.7135475083372, 1765.0558574681536, 993.6389667942127, 757.9936585664034, 1668.4746876454683, 979.5506278960216, 758.7480450258201, 1487.120487860006, 1000.3034026453698, 706.5351803812637, 642.5292173887427, 466.5210621272146, 583.0615993860725, 669.0320834736087, 440.9261406771927, 673.5441737454505, 1467.6409525216588, 832.7769749722564, 594.5382914796857, 1471.9239347682649, 902.84466959036, 803.4274936518428, 1492.6384374571799, 941.800859864702, 687.5457960411663, 1489.0067950306143, 971.6021334981917, 699.5793588223804]

ans:
[221.54418673165043, 650.3157473568365, 640.5277102072243, 331.64507572365153, 624.5482783203204, 499.4593233455499, 316.4837784724459, 1166.276770489534, 682.9199787956611, 213.75303022004115, 1317.0567118150077, 899.487609551712, 387.18212982332835, 1402.7249732944342, 813.6543428236723, 340.78514794672327, 1246.348922198625, 771.8749026479557, 328.5429294615288, 1112.3746513595136, 869.7392709449914, 445.41770945883684, 528.9872793601255, 397.0181195999167, 375.96688548692254, 543.3166973986957, 351.8749195959557, 315.12716850974806, 1082.59003479041, 626.9136005254259, 262.499213981622, 1180.2966870618236, 777.2414776946157, 359.33762864759433, 1163.6259090991748, 797.429705263711, 287.3363312137539, 1097.7901835066448, 768.8251161204771, 322.2358286052124]
[221.54418673165043, 654.0801857419724, 642.5842892777312, 337.9346777600792, 646.6265205119992, 512.4771737797075, 338.26050811514455, 1231.8080875889138, 736.7187363072223, 240.21816919095568, 1317.0567118150077, 902.6354127468635, 397.2593499502973, 1427.7816378555656, 832.2605286304467, 362.9269186437335, 1293.4423395587464, 810.3294586528418, 363.76004364402945, 1228.7331475664535, 869.7392709449914, 449.85108647362773, 532.2420191719048, 402.34614440536757, 391.8696638796378, 560.3778544697286, 365.76343106460365, 341.579210453747, 1165.2895742020378, 685.0348027387263, 262.499213981622, 1190.7076723105993, 787.3520737770382, 374.25807528231644, 1198.4719269588513, 814.5064301344037, 313.04231392876846, 1161.1854538422997, 824.0537560588809, 361.789065629417]

[9751.016446207537, 9652.476448357811, 9211.79951150014, 7694.075560713007, 14519.399381305673, 9613.153192210902, 10769.56599273305, 22519.8257595861, 9530.62035032225, 15863.947179567665, 9725.054806117681, 10593.075851756947, 9698.203581055695, 7786.362841395713, 13633.095404267888, 10009.764931293126, 10891.625586173615, 19818.739340198925, 9701.920791409813, 21467.98011813902, 9725.054806117681, 10033.756192580284, 8865.814987359337, 7746.615055774731, 13040.097085536148, 10310.525926344439, 12423.644940110082, 19970.997640644742, 10051.711461429613, 18568.17304322071, 9752.751053440303, 9729.27558303256, 9179.706316642629, 7766.75170187764, 12845.55275721015, 9989.56299881567, 14808.494676867316, 19487.489356070622, 9824.079063907498, 18699.380664004315]


cost:
[1984.0020166009629, 1895.7488217054292, 1747.074163290585, 1056.3564210351815, 1415.5713821756044, 1549.4992637972166, 1817.1486792339751, 2309.3994604377685, 1918.5936311515143, 1649.3552599923808, 2437.555208459226, 2247.8926894928586, 1934.842997148553, 2568.981545255192, 2265.556510709387, 1912.3351808132952, 2507.933896835618, 1951.7606496880771, 1889.9980721089732, 2243.278456004129, 1994.2395813894002, 1892.8199061976293, 1023.9934110953494, 1605.18546335112, 1811.011439277478, 1841.4963543294057, 1404.2194938735238, 1688.791316506907, 2046.4237870898912, 1767.823318615399, 1619.206719974683, 1980.7947437011524, 2005.098315711615, 1679.8507209981426, 2019.2598116612146, 1998.3500034989586, 1735.4789123268044, 1935.2763056372494, 2013.8735625226923, 1787.517188482188]


test"
[9751.016446207535, 12500.649136255823, 8937.123215888552, 8659.149853606472, 18705.070163082066, 10401.61021246312, 22613.465543384216, 17809.600328534572, 13944.661336099409, 17917.93035298321, 9704.735352978556, 14757.263037262543, 9238.376967482236, 8363.248327513504, 16854.5234027974, 14583.8664268717, 20730.591302719407, 19989.26892929784, 13628.805416591464, 14255.488733116734, 9742.650045360535, 14580.99345850436, 8929.429440159212, 8377.472072345901, 20269.818128341627, 15839.972866270207, 21314.12073723558, 19120.37411178811, 12839.602276373225, 15946.56064944805, 9704.09552785912, 12455.835386438108, 8976.127287996202, 8377.4720723459, 17665.054285773564, 
13823.601211625182, 23420.03171038583, 25586.796923012032, 13337.508160104839, 14764.727839369953]
[1387.0404895210893, 1775.06258553144, 1271.6595302133117, 1231.8920410414555, 2649.7964606872965, 1479.49548162219, 3199.7084622052716, 2523.2713388290335, 1979.9428316072124, 2539.541828042832, 1380.4205969433224, 2093.717646815236, 1314.5182686987002, 1190.3905470642626, 2388.8620300266016, 2070.271803249952, 2936.0603070147695, 2827.722102546703, 1935.2363502051178, 2024.275311460395, 1385.813657174974, 2068.709030602947, 1270.5584724958737, 
1192.4150967044593, 2869.10555250093, 2247.2631394669197, 3018.8415018513997, 2705.542146494698, 1823.8046039006836, 2260.8358679040334, 1380.32958696302, 1768.6991391414376, 1277.2030567455424, 1192.4150967044586, 2503.7419589473047, 1962.7738006285983, 3314.532845480679, 3613.2143474069353, 1894.1101841235359, 2094.8111646806533]
[2.5714285714285716, 2.857142857142857, 2.2857142857142856, 2.142857142857143, 2.7142857142857144, 2.4285714285714284, 3.0, 2.7142857142857144, 2.4285714285714284, 3.4285714285714284, 2.142857142857143, 2.7142857142857144, 2.4285714285714284, 2.142857142857143, 2.5714285714285716, 3.142857142857143, 2.7142857142857144, 3.142857142857143, 2.7142857142857144, 2.857142857142857, 2.2857142857142856, 2.5714285714285716, 2.142857142857143, 2.142857142857143, 2.857142857142857, 2.857142857142857, 3.142857142857143, 2.7142857142857144, 2.2857142857142856, 2.5714285714285716, 2.142857142857143, 2.7142857142857144, 2.2857142857142856, 2.142857142857143, 2.7142857142857144, 2.5714285714285716, 3.2857142857142856, 3.5714285714285716, 2.5714285714285716, 2.2857142857142856]